2	19	319	239	0.793384432793
35	60	319	152	0.791790246964
77	80	316	195	0.79153496027
4	63	203	136	0.789989352226
81	85	191	150	0.769611537457
95	100	275	160	0.753139555454
112	46	317	123	0.740897834301
2	92	163	156	0.705739915371
29	112	211	216	0.693028151989
94	95	193	131	0.686967015266
33	105	221	151	0.682824909687
36	85	182	130	0.664772868156
0	0	319	114	0.655807316303
108	82	319	138	0.621617674828
1	28	138	150	0.61906349659
127	32	283	92	0.595598697662
2	143	316	237	0.593526780605
81	99	139	150	0.571738958359
91	104	156	131	0.566723227501
33	117	221	139	0.559764683247
108	85	165	109	0.551886022091
16	0	175	92	0.546719431877
136	84	182	152	0.537894129753
108	85	182	123	0.519200205803
2	118	139	239	0.507795155048
4	87	189	107	0.498913437128
183	13	319	156	0.498150736094
77	80	316	113	0.48180565238
221	94	317	239	0.466060250998
155	0	286	68	0.448944300413
118	0	223	79	0.437304675579
56	132	111	223	0.420553743839
45	208	278	239	0.415919184685
108	96	155	117	0.39692518115
146	144	278	239	0.391989022493
187	0	319	94	0.367536991835
2	92	66	239	0.365169167519
94	104	125	131	0.360131055117
155	95	193	118	0.356820762157
39	172	139	229	0.351658254862
128	97	163	113	0.347966820002
127	32	211	63	0.305986464024
220	29	286	68	0.305881947279
8	207	184	237	0.285799711943
2	0	90	194	0.283612936735
31	28	127	92	0.283538103104
38	94	127	119	0.277045994997
4	63	175	95	0.251273423433
117	105	142	113	0.249456986785
176	58	249	92	0.247072845697
221	94	317	156	0.247037187219
232	41	278	68	0.244845822453
167	82	303	118	0.243865743279
160	19	319	51	0.240085348487
117	105	155	117	0.237159952521
152	87	180	111	0.232111409307
55	207	139	230	0.229913070798
36	100	105	130	0.229367107153
227	39	306	92	0.227412909269
227	11	319	65	0.226247996092
2	196	118	239	0.211808279157
108	96	127	113	0.201343983412
31	112	100	140	0.198362275958
146	157	203	239	0.192755222321
4	83	127	123	0.187845543027
95	120	142	144	0.18242162466
182	58	225	82	0.179848670959
196	206	278	239	0.178264856339
135	114	153	123	0.176954820752
107	129	280	171	0.174362659454
77	80	316	95	0.170484960079
258	40	282	67	0.167982086539
227	67	306	92	0.165670186281
71	119	127	150	0.165235325694
2	0	64	92	0.164941176772
186	32	211	54	0.164102077484
101	30	152	63	0.158922180533
2	92	38	224	0.158553823829
245	44	280	63	0.15801076591
204	0	272	22	0.157033979893
127	45	152	63	0.155711978674
197	0	214	76	0.155284777284
155	13	184	45	0.15274964273
242	117	278	239	0.146645903587
115	112	136	122	0.146009847522
104	218	278	239	0.144990041852
67	0	129	59	0.141377061605
111	118	148	138	0.140311941504
210	69	225	82	0.137099206448
2	118	93	156	0.127386242151
183	184	235	225	0.123757198453
221	28	254	44	0.122738137841
221	28	230	44	0.121525868773
261	61	285	77	0.120088025928
84	105	117	151	0.118658550084
114	115	207	195	0.118409961462
155	13	184	27	0.117892667651
2	209	66	239	0.117393955588
182	58	201	71	0.117274828255
231	38	259	52	0.110306024551
276	65	319	92	0.109890632331
271	44	280	62	0.109701797366
136	119	173	152	0.105508059263
232	31	254	38	0.104522958398
29	112	111	182	0.104022651911
210	65	239	83	0.103213831782
170	25	180	45	0.101412080228
138	119	176	136	0.101149313152
279	66	302	90	0.100907146931
136	119	273	151	0.0985283628106
177	102	287	168	0.0957846567035
74	129	100	151	0.0938571020961
238	102	287	168	0.0927926823497
197	64	207	76	0.0918942093849
81	119	100	139	0.0909175276756
56	25	114	67	0.0894315317273
45	219	110	239	0.0889764651656
170	143	211	216	0.0871039927006
146	177	187	216	0.085725300014
204	0	225	20	0.0851045548916
261	0	319	92	0.083458147943
276	39	319	94	0.0815190672874
114	46	129	58	0.0802452862263
261	6	272	22	0.0793696865439
261	0	316	31	0.0790174230933
7	95	93	125	0.076567530632
2	54	62	92	0.0763591825962
160	143	273	194	0.0762244984508
271	93	319	138	0.0753753557801
103	0	127	31	0.0743109434843
103	0	129	59	0.0736544802785
114	153	280	171	0.0732362866402
67	230	304	239	0.0709914267063
160	19	190	37	0.0701895207167
189	0	319	13	0.0698332488537
2	127	50	156	0.0696975365281
287	11	319	51	0.0689165964723
104	212	139	229	0.0666679739952
297	39	319	51	0.0658786669374
4	77	127	95	0.0601138174534
221	28	319	51	0.0598088987172
177	143	223	194	0.059056982398
203	0	214	20	0.0571301579475
287	0	319	35	0.0560868680477
160	158	273	181	0.0556221231818
179	80	265	93	0.0526626482606
18	4	70	29	0.052504055202
2	193	36	224	0.0507672578096
143	63	175	89	0.0500425733626
2	92	38	157	0.0494434162974
160	157	207	195	0.0480173826218
32	11	67	33	0.0466767922044
8	123	62	149	0.0463098213077
163	216	203	239	0.0446689277887
97	120	111	136	0.044599339366
134	122	152	133	0.0441474355757
290	92	319	239	0.0437500029802
196	207	235	225	0.0433346405625
167	82	272	100	0.0423861294985
287	28	314	35	0.0410083010793
39	172	66	189	0.0387025177479
77	86	165	94	0.0380502045155
103	46	122	59	0.0368673875928
114	153	132	168	0.0359917469323
97	31	117	56	0.034698471427
303	0	319	30	0.0341913998127
225	119	273	149	0.0338065996766
245	157	280	171	0.0315472111106
33	132	50	139	0.0299043767154
4	87	127	95	0.0295661389828
2	79	35	115	0.0288600511849
50	0	203	9	0.0281996745616
220	154	271	169	0.0280703958124
95	132	111	145	0.0271185897291
160	216	184	237	0.0269490890205
2	79	23	194	0.0241509582847
15	24	50	57	0.0234329886734
2	4	31	93	0.0231885593385
45	103	81	111	0.0230798032135
43	224	74	237	0.0225911010057
292	206	316	222	0.01967667602
170	206	187	216	0.0192446317524
238	102	303	118	0.0182953383774
43	20	67	37	0.017514128238
49	171	66	182	0.0169830061495
2	112	35	182	0.0168207492679
244	117	268	127	0.01514929533
225	142	273	149	0.0145683437586
306	0	319	13	0.0144464075565
8	218	43	228	0.0140885245055
251	158	273	168	0.0136676430702
159	157	189	181	0.013384886086
2	156	22	194	0.0128900967538
297	138	317	239	0.0126976110041
111	120	142	130	0.0115445088595
56	213	69	223	0.0108329281211
220	154	232	162	0.0103013962507
183	144	224	155	0.00928363390267
19	4	31	14	0.00852806307375
79	85	127	92	0.007742642425
67	230	95	239	0.00747988931835
146	177	173	191	0.00746954977512
26	52	60	78	0.00740746408701
169	100	189	107	0.00730944611132
200	117	221	122	0.00707715749741
307	46	317	52	0.0064913276583
163	216	182	230	0.00585068203509
183	184	213	195	0.00549555756152
279	231	311	239	0.00528373196721
199	142	279	157	0.00488382019103
2	180	22	194	0.00447352230549
244	228	278	239	0.0014076884836
159	79	193	93	0.000481920316815
2	79	15	122	0.000100411474705
2	156	19	168	7.15702772141e-05
50	0	93	9	0.0
187	0	203	8	0.0
2	68	15	93	0.0
63	84	156	92	0.0
297	108	316	118	0.0
79	112	100	122	0.0
187	124	203	130	0.0
107	129	118	142	0.0
142	131	165	150	0.0
114	143	145	151	0.0
176	143	211	153	0.0
2	156	15	182	0.0
107	129	145	151	0.0
15	0	53	8	0.0
23	0	90	6	0.0
187	37	197	58	0.0
77	79	176	93	0.0
173	88	316	100	0.0
189	94	265	117	0.0
196	144	218	151	0.0
189	123	218	151	0.0
31	28	63	37	0.0
1	51	8	125	0.0
