1	0	319	239	0.923114180565
128	23	295	223	0.899649381638
1	71	319	178	0.838295698166
124	0	319	111	0.8273396492
2	0	163	182	0.822998046875
124	72	200	111	0.742885231972
114	24	238	150	0.707655370235
1	119	317	239	0.697558939457
2	80	136	182	0.614215493202
47	204	319	239	0.611195087433
73	0	223	90	0.60263055563
118	94	269	134	0.594092011452
108	95	162	118	0.59083032608
2	0	163	85	0.589561283588
100	89	152	113	0.520338177681
2	162	227	239	0.498671323061
145	27	286	93	0.459018796682
155	0	214	82	0.42875662446
100	0	158	75	0.417598158121
39	82	134	114	0.4068146348
62	40	160	150	0.406282216311
73	80	141	108	0.403464794159
1	13	122	131	0.384388387203
33	78	319	109	0.361991047859
73	52	223	90	0.353900253773
128	102	295	154	0.35066011548
186	94	319	237	0.334061294794
93	96	141	109	0.326193541288
1	169	110	239	0.322210073471
190	0	271	87	0.301442235708
69	111	97	148	0.293546944857
2	103	193	150	0.292871326208
73	79	163	129	0.277992188931
4	112	128	135	0.269676983356
107	25	203	88	0.268655270338
18	82	110	135	0.265932440758
118	111	306	200	0.261587023735
1	72	122	118	0.2567050457
107	45	165	87	0.253356516361
73	102	163	146	0.252237319946
43	125	199	223	0.244230762124
77	95	119	123	0.221474200487
1	0	38	239	0.215509802103
134	85	158	106	0.210022449493
94	98	122	108	0.20184995234
206	0	319	92	0.200739204884
122	0	247	57	0.199509352446
2	204	136	239	0.192171037197
69	111	131	150	0.187387645245
84	103	101	127	0.17977425456
193	24	238	150	0.174092918634
114	71	166	98	0.167465120554
255	112	319	237	0.164484322071
223	175	319	239	0.162937805057
111	43	149	75	0.158915236592
2	24	100	82	0.15605828166
172	54	249	97	0.150409549475
149	205	259	229	0.147886455059
87	119	234	200	0.147245645523
2	157	128	203	0.146040707827
119	0	158	46	0.137978926301
77	111	97	131	0.137701436877
190	0	271	40	0.136687129736
156	61	223	90	0.136269748211
189	171	252	230	0.135711446404
128	102	163	118	0.129060402513
69	123	88	150	0.125432372093
179	156	306	195	0.121968187392
155	79	319	185	0.119157388806
2	219	215	239	0.117952235043
83	108	117	129	0.115738801658
2	129	128	187	0.11469181627
134	79	156	98	0.112850211561
2	192	69	239	0.112155765295
88	78	145	98	0.110711999238
46	131	206	158	0.109184719622
4	112	53	140	0.108691006899
2	112	73	171	0.107135102153
2	0	114	53	0.106536068022
40	109	87	143	0.103740796447
186	142	266	200	0.102123357356
59	25	114	86	0.102048739791
207	7	259	48	0.101582944393
23	0	165	25	0.10117585212
2	121	193	142	0.0916170999408
60	0	114	53	0.0900859832764
93	0	204	45	0.08979498595
201	52	231	87	0.0846050232649
159	0	203	31	0.082039013505
74	130	84	146	0.0783180072904
2	155	52	199	0.0781789049506
149	215	319	239	0.0778078734875
69	148	129	207	0.0770545676351
176	19	218	57	0.0753697603941
266	175	304	224	0.0749788433313
155	61	175	82	0.0749699473381
57	197	259	218	0.0738140642643
125	0	159	22	0.072024025023
47	129	128	172	0.0710737332702
100	52	210	74	0.0709153413773
230	101	319	185	0.0669757500291
221	0	255	32	0.065702624619
224	0	259	17	0.0651470348239
272	0	317	89	0.0647477284074
43	187	125	223	0.0635988712311
237	0	271	80	0.0596627518535
47	176	98	221	0.0587416738272
119	60	158	79	0.057412263006
2	131	60	187	0.057399392128
59	40	93	67	0.0562120713294
206	76	223	90	0.0556223019958
1	74	39	171	0.0551574677229
62	40	93	131	0.0543332546949
80	116	131	135	0.0524252653122
107	22	129	39	0.0520687550306
69	105	93	131	0.051681920886
2	46	81	120	0.0509415268898
217	47	271	80	0.0507979094982
206	0	316	46	0.0506768301129
100	52	112	67	0.0504422187805
33	79	152	89	0.049153149128
73	68	98	79	0.0491038002074
100	0	127	31	0.0489765144885
191	24	227	60	0.0486837550998
143	161	255	197	0.0481301918626
295	12	316	47	0.0479907467961
191	0	214	17	0.047960370779
94	107	134	133	0.0478846654296
71	56	112	86	0.0459149293602
183	112	319	152	0.0452017374337
62	40	87	86	0.0447814166546
220	54	319	118	0.0441970974207
1	95	39	142	0.0437224432826
271	174	306	195	0.0426389463246
135	80	152	89	0.0387359037995
191	23	285	61	0.0366026982665
220	56	231	79	0.0363820418715
2	231	215	239	0.0360304787755
199	62	210	74	0.0360264033079
57	204	134	218	0.035889044404
38	0	98	31	0.0353325717151
228	171	252	223	0.0341314338148
46	131	160	142	0.0340564027429
224	27	266	42	0.0322216972709
31	166	155	197	0.0316971465945
146	102	286	122	0.0310438200831
272	70	287	80	0.0310078412294
214	31	252	61	0.03079437837
128	134	295	154	0.0300630368292
43	205	97	223	0.0299394577742
103	119	184	187	0.0291181206703
122	0	134	12	0.0271514430642
306	113	319	237	0.0263219382614
71	0	98	14	0.0261648222804
39	0	70	25	0.0258466266096
40	14	56	26	0.0257370881736
251	216	311	229	0.0255544260144
241	23	285	56	0.0245221611112
35	131	60	187	0.0244439020753
2	0	46	43	0.023907314986
295	150	317	185	0.0232855658978
151	93	223	126	0.0228128824383
237	54	256	80	0.0223932508379
215	24	227	40	0.0222299695015
179	156	245	182	0.0218310691416
149	206	175	229	0.0216243695468
230	101	314	121	0.0214692801237
231	205	259	224	0.0212516002357
2	32	46	109	0.0203324146569
42	206	67	218	0.0202102959156
38	11	64	31	0.0201511904597
206	161	255	196	0.0201399512589
289	0	317	63	0.0200660973787
220	59	287	92	0.0199608709663
217	37	306	92	0.0191400386393
4	115	29	132	0.0187457539141
69	162	128	179	0.0185767002404
107	35	145	60	0.0185711141676
94	108	122	116	0.0181766562164
165	145	234	200	0.0180427543819
265	225	316	237	0.0176373273134
2	80	39	118	0.0175700746477
227	22	247	37	0.0174331422895
295	118	319	185	0.0173869803548
272	21	303	56	0.0172901675105
111	148	128	160	0.0171329900622
1	74	26	104	0.0170613229275
32	79	46	107	0.0169826019555
2	141	22	173	0.016959361732
28	98	39	117	0.0169139392674
47	129	77	151	0.0167406369001
93	32	101	45	0.0165257155895
189	221	227	230	0.0153604028746
254	46	306	68	0.0152006410062
252	0	271	17	0.0149725871161
47	176	94	195	0.0147500094026
80	25	93	45	0.0142719736323
203	80	249	97	0.0141629092395
145	60	158	79	0.0140065494925
86	180	132	221	0.0138190779835
122	0	214	12	0.0129004595801
218	87	317	113	0.0128744728863
136	135	193	142	0.0125715732574
235	207	252	223	0.0124839358032
2	111	29	124	0.0122535349801
247	62	256	80	0.0121122365817
191	50	206	60	0.0119378594682
272	37	303	80	0.011927280575
14	192	55	199	0.0118460338563
87	146	169	190	0.0116723664105
18	3	46	29	0.011622549966
87	150	128	172	0.0115188704804
23	57	81	92	0.0111610423774
278	218	306	229	0.0106652397662
76	181	125	195	0.0106269186363
47	206	84	218	0.0102298483253
269	127	293	144	0.0101132169366
80	187	125	207	0.0100520886481
23	13	50	25	0.0100120846182
295	157	310	178	0.00973841920495
167	231	215	237	0.00973203312606
187	206	223	227	0.00968403555453
149	215	218	229	0.00951378047466
2	119	28	141	0.00933582335711
8	61	28	79	0.00930170714855
87	232	136	239	0.00926685333252
184	0	204	6	0.00920870993286
2	50	28	77	0.0087858568877
73	187	94	195	0.00848115887493
143	173	159	191	0.00822710618377
203	80	319	97	0.00810894928873
273	134	295	145	0.00809820648283
111	54	118	75	0.00775919295847
248	47	271	66	0.00759800476953
242	142	266	158	0.00759319448844
143	164	193	197	0.00758954090998
104	146	127	155	0.00747150275856
266	207	287	224	0.00723035447299
217	49	238	66	0.00707532046363
245	199	259	212	0.00679514044896
136	136	160	142	0.00676604872569
175	150	206	158	0.00643261056393
47	176	64	188	0.00631901435554
112	121	131	130	0.00624001864344
256	21	273	37	0.0061586368829
2	115	29	182	0.0060759098269
80	76	114	86	0.00606657098979
196	0	214	7	0.00473316106945
145	132	160	140	0.00469468999654
238	63	248	77	0.00440998841077
165	195	211	200	0.00428651366383
33	83	49	119	0.00416579376906
87	181	104	190	0.00410238467157
206	161	241	179	0.00380780128762
95	211	132	221	0.00376087334007
87	150	104	157	0.00375921837986
18	3	43	16	0.00367818679661
295	96	319	114	0.00346166081727
272	62	317	89	0.00344119826332
139	189	155	197	0.00338299619034
213	131	239	141	0.0033016637899
87	143	152	158	0.0031283730641
111	157	128	172	0.00310090836138
94	197	118	207	0.00308651756495
128	138	165	154	0.00286543555558
86	180	117	190	0.0028645740822
268	111	319	124	0.00283848401159
31	166	67	175	0.00266894465312
21	30	33	43	0.00259764073417
69	171	81	179	0.00245876936242
283	37	303	56	0.00238952320069
69	117	86	131	0.00238475343212
2	145	15	182	0.00210717134178
251	216	269	228	0.00200237426907
228	182	255	196	0.00175285711884
33	79	46	87	0.00173533242196
186	145	234	155	0.00158436596394
45	219	83	227	0.00153024494648
255	111	286	122	0.00138233508915
186	186	208	200	0.00134520139545
94	107	134	118	0.00112463347614
248	87	271	95	0.000856522470713
254	48	319	92	0.000700878445059
71	72	81	88	0.000585274770856
275	214	287	223	8.04029405117e-05
179	156	194	175	3.47062014043e-05
138	43	149	61	0.0
19	46	35	62	0.0
23	57	53	78	0.0
36	67	73	92	0.0
115	71	151	85	0.0
21	74	38	92	0.0
151	74	213	99	0.0
46	80	55	90	0.0
286	82	319	95	0.0
256	87	286	94	0.0
2	94	29	119	0.0
1	95	8	142	0.0
15	96	29	111	0.0
282	96	319	120	0.0
218	101	258	111	0.0
146	102	163	109	0.0
128	109	190	134	0.0
306	118	319	149	0.0
98	121	131	133	0.0
172	121	238	149	0.0
46	131	57	140	0.0
230	162	245	182	0.0
39	214	69	224	0.0
46	72	81	90	0.0
248	82	319	95	0.0
21	74	49	119	0.0
2	30	35	77	0.0
282	96	319	177	0.0
203	0	271	5	0.0
273	0	299	5	0.0
119	70	146	78	0.0
155	79	256	97	0.0
256	84	319	102	0.0
237	94	316	107	0.0
98	115	128	125	0.0
103	119	184	148	0.0
244	127	266	152	0.0
182	135	193	141	0.0
114	150	169	170	0.0
138	162	170	187	0.0
230	170	248	180	0.0
35	175	60	187	0.0
218	99	248	180	0.0
244	127	293	152	0.0
146	74	166	98	0.0
201	123	238	150	0.0
176	125	199	143	0.0
128	136	163	191	0.0
145	123	200	141	0.0
