1	0	317	239	0.586020708084
77	67	191	200	0.585129380226
107	28	189	155	0.576907157898
2	24	244	126	0.57160282135
124	0	317	136	0.565218269825
2	0	169	174	0.551072239876
62	86	255	136	0.550897240639
77	95	319	239	0.541299045086
124	93	176	136	0.527337789536
132	72	191	118	0.522703826427
4	79	172	201	0.507876932621
98	100	179	154	0.506335496902
97	49	167	116	0.50595587492
139	24	215	126	0.496092915535
135	79	158	134	0.430053085089
16	182	302	239	0.388946205378
53	0	169	108	0.365279316902
213	0	319	239	0.318734258413
50	0	143	52	0.292568415403
200	27	303	130	0.284297794104
151	39	254	134	0.273950636387
179	13	316	97	0.268471300602
129	107	172	155	0.263646662235
2	93	124	178	0.249059677124
15	90	271	116	0.239901810884
138	75	167	104	0.238123685122
2	0	138	96	0.236866891384
50	11	143	38	0.21029099822
186	13	271	74	0.207357302308
138	0	317	45	0.19850102067
121	115	317	193	0.195871770382
136	0	276	79	0.192780837417
2	13	104	69	0.192014873028
108	0	160	75	0.185797154903
29	0	94	96	0.18011200428
204	191	317	237	0.169244632125
214	124	319	239	0.169019132853
138	0	218	45	0.158866465092
214	30	263	68	0.157314836979
2	197	182	239	0.155078336596
19	114	91	180	0.152787163854
213	27	287	86	0.14770899713
93	171	316	216	0.141018420458
15	68	122	95	0.140997767448
177	85	319	151	0.140779569745
179	32	259	97	0.137490004301
9	23	131	54	0.136069208384
59	213	317	239	0.135048031807
136	11	183	79	0.131456136703
256	0	317	70	0.129887551069
125	26	139	57	0.128346890211
84	182	182	239	0.127464950085
2	79	107	139	0.122444733977
159	81	189	118	0.118824958801
208	50	259	74	0.117962673306
2	60	90	104	0.117758832872
186	13	271	42	0.116181947291
2	0	127	30	0.115668118
152	92	175	102	0.113705247641
135	92	175	106	0.112206786871
100	13	132	49	0.110386297107
2	0	81	56	0.108288362622
238	51	319	106	0.107418715954
119	0	149	57	0.107398502529
16	215	201	239	0.101867586374
2	173	73	239	0.0989429354668
177	119	319	151	0.0962425619364
62	86	110	132	0.0942094698548
1	96	73	146	0.0940570607781
2	144	108	204	0.0927472114563
248	25	316	87	0.0926353335381
29	28	94	64	0.0836403667927
153	197	225	239	0.0813393592834
241	95	319	157	0.080200381577
163	120	232	137	0.0789318531752
210	24	247	86	0.078705728054
141	0	184	27	0.0783833414316
200	90	271	130	0.0769246071577
211	0	276	39	0.0765620172024
148	99	170	106	0.0761410966516
100	30	118	44	0.0754996165633
33	115	121	154	0.0723022520542
254	164	319	218	0.071904733777
55	0	94	52	0.0716066360474
166	13	204	39	0.0710730999708
263	30	297	75	0.0692584812641
142	106	163	118	0.0688809379935
285	0	319	64	0.0684652030468
132	137	170	194	0.0678651332855
204	108	255	135	0.064528554678
256	205	317	237	0.063815228641
2	67	69	96	0.0621070824564
2	12	53	174	0.0608233734965
114	96	141	127	0.059889819473
62	96	138	150	0.0576953291893
81	127	275	215	0.0564361810684
83	136	232	175	0.0549901686609
173	0	215	42	0.0544467978179
29	46	49	64	0.0512364245951
203	127	272	215	0.051049515605
33	50	53	59	0.0504727549851
104	172	241	208	0.0481261909008
191	14	218	45	0.0465049818158
131	144	227	201	0.0460930392146
170	80	211	126	0.0453407131135
247	219	317	239	0.0438750237226
2	12	29	69	0.043585807085
269	51	319	92	0.0435664542019
224	65	247	86	0.0432098805904
138	17	160	41	0.0429114997387
50	17	63	38	0.0397118665278
213	126	287	172	0.0368967726827
28	131	135	177	0.036629717797
33	115	69	136	0.0359845347703
173	2	193	20	0.0357746109366
186	32	259	59	0.035762168467
166	20	191	34	0.0349087044597
74	28	94	45	0.0347804203629
139	24	215	63	0.0346237458289
184	0	214	19	0.0344156771898
163	6	183	26	0.0343971252441
107	29	124	49	0.0331622585654
266	85	319	134	0.0331423357129
199	41	215	59	0.0330680981278
69	112	169	145	0.0313498228788
224	102	255	130	0.0308987498283
136	0	149	28	0.0302337519825
90	0	149	28	0.0287886187434
70	0	127	26	0.0280660018325
84	79	122	95	0.0277598202229
53	0	86	25	0.0275414437056
254	27	287	78	0.0270578190684
184	13	203	26	0.0263768956065
108	35	127	75	0.0261407829821
163	125	186	137	0.0253959558904
173	122	241	148	0.0244001410902
104	107	138	134	0.0239220038056
290	31	316	82	0.0232010260224
135	92	153	105	0.0227521508932
215	42	230	57	0.0224425792694
203	162	282	195	0.0215924978256
70	88	93	96	0.0209913998842
254	124	317	190	0.020863994956
15	68	42	79	0.020398773253
2	99	35	171	0.0195225737989
228	86	244	97	0.0191133469343
84	15	115	30	0.0182952657342
46	95	90	104	0.0178497694433
199	120	232	132	0.0176901966333
184	22	204	39	0.0176710560918
53	0	63	23	0.0173486992717
213	4	227	32	0.0172631293535
2	46	32	69	0.0172169841826
77	24	104	44	0.0169013142586
282	51	293	69	0.0165920630097
9	47	29	54	0.0163602083921
76	137	121	154	0.016222152859
224	102	251	115	0.0156091749668
210	24	242	50	0.0153993740678
269	0	319	195	0.0151112154126
191	88	213	109	0.01496168226
2	43	15	56	0.0149554163218
135	11	143	35	0.0146481841803
227	116	255	130	0.0133203789592
151	137	170	145	0.0133031457663
139	24	175	63	0.0132641866803
295	0	319	14	0.013118263334
14	60	32	67	0.0129607953131
215	227	317	239	0.0129162594676
238	57	255	78	0.0128902718425
132	182	182	204	0.011859819293
186	33	201	42	0.0117881223559
2	181	57	204	0.0117834731936
132	182	155	203	0.0117194876075
2	182	31	239	0.0114700384438
70	215	111	235	0.0113863423467
179	88	254	97	0.0109050944448
84	222	128	239	0.0105836465955
2	46	15	69	0.010552290827
46	117	73	143	0.0099869184196
131	144	142	151	0.00962625443935
261	205	302	219	0.00898499786854
244	13	271	25	0.00880164653063
2	13	25	29	0.00879861786962
132	182	145	194	0.00858727097511
149	127	179	151	0.00851852074265
98	139	121	154	0.00799275189638
59	213	94	219	0.00790386646986
149	223	166	237	0.00688414275646
2	0	15	56	0.00639832764864
278	37	299	70	0.00632729381323
256	15	272	30	0.00539083778858
213	27	245	42	0.00528659671545
104	198	139	206	0.00500383228064
16	230	201	239	0.00483263283968
254	63	269	78	0.00457829982042
268	105	311	133	0.00447383895516
162	44	170	60	0.00440042093396
254	50	268	65	0.00434710085392
16	232	62	239	0.00413966923952
258	230	316	237	0.00387941300869
131	230	316	239	0.003862015903
26	191	57	204	0.00352913141251
16	60	36	74	0.00341033935547
166	172	184	192	0.00337410718203
261	132	275	139	0.00250346958637
2	144	35	171	0.00214081630111
124	23	131	47	0.00209673494101
15	182	31	192	0.00184505432844
211	196	241	208	0.00170435756445
1	96	23	239	0.00159533321857
176	232	223	239	0.00146701186895
2	0	15	23	0.00117541849613
2	136	53	174	0.00115417316556
211	195	227	201	0.00100737065077
310	171	319	195	0.000940635800362
79	230	119	239	0.000761546194553
254	124	275	139	0.000657510012388
136	11	162	29	0.000243883579969
303	182	316	190	0.00019808113575
1	96	22	146	1.36867165565e-05
69	5	81	20	0.0
110	13	132	35	0.0
310	15	319	47	0.0
285	20	309	48	0.0
268	27	285	44	0.0
254	28	272	50	0.0
265	41	287	69	0.0
299	43	319	64	0.0
145	44	167	63	0.0
244	51	263	61	0.0
143	58	167	78	0.0
143	65	165	93	0.0
184	66	197	81	0.0
293	67	319	101	0.0
169	69	184	92	0.0
158	76	175	93	0.0
295	83	316	92	0.0
153	86	169	94	0.0
97	87	124	103	0.0
238	92	265	101	0.0
299	95	319	114	0.0
87	96	119	108	0.0
248	97	271	116	0.0
62	98	119	120	0.0
63	109	112	150	0.0
67	111	94	130	0.0
118	112	138	125	0.0
217	115	237	124	0.0
67	121	80	132	0.0
74	129	146	156	0.0
134	134	170	145	0.0
2	159	230	207	0.0
19	160	91	180	0.0
251	172	262	181	0.0
2	182	15	204	0.0
81	187	104	196	0.0
224	207	242	215	0.0
128	213	163	227	0.0
2	224	16	239	0.0
119	232	143	239	0.0
162	232	201	239	0.0
119	232	201	239	0.0
244	28	272	65	0.0
162	44	197	81	0.0
191	86	244	109	0.0
224	172	262	215	0.0
2	182	16	239	0.0
310	15	319	195	0.0
134	120	232	145	0.0
74	120	241	156	0.0
143	65	184	94	0.0
90	9	112	16	0.0
248	25	268	39	0.0
153	54	182	87	0.0
290	71	316	87	0.0
155	75	167	92	0.0
143	79	158	105	0.0
138	83	145	104	0.0
268	107	286	113	0.0
135	112	149	134	0.0
2	115	14	126	0.0
265	125	286	134	0.0
179	142	238	148	0.0
304	143	317	157	0.0
290	151	319	219	0.0
2	154	23	178	0.0
214	156	235	172	0.0
242	163	275	185	0.0
135	195	179	203	0.0
131	231	151	239	0.0
104	195	179	206	0.0
303	143	317	190	0.0
104	195	241	208	0.0
214	156	275	185	0.0
304	0	319	64	0.0
165	57	183	79	0.0
15	90	83	99	0.0
292	95	319	157	0.0
86	103	119	114	0.0
145	39	183	79	0.0
77	172	184	201	0.0
98	127	179	154	0.0
