0	115	399	319	0.908630728722
192	101	356	272	0.90848493576
74	155	342	271	0.857275903225
0	0	399	273	0.852874338627
19	244	399	307	0.820267379284
0	115	259	230	0.746834218502
181	80	323	210	0.669029116631
180	217	399	310	0.641508340836
183	217	316	273	0.566782474518
0	265	328	319	0.480726331472
234	278	399	319	0.471936047077
88	282	399	307	0.42588031292
250	115	399	286	0.424473047256
271	248	399	319	0.39880079031
19	244	286	285	0.387625098228
211	136	284	271	0.379008680582
181	249	338	273	0.356785058975
0	176	192	313	0.282493501902
204	93	259	230	0.270219475031
0	121	399	184	0.22964386642
77	265	234	297	0.228055968881
0	293	328	319	0.204620033503
183	299	399	319	0.188754662871
287	282	399	302	0.167147055268
180	261	247	310	0.166765242815
190	42	399	167	0.150658339262
88	293	326	307	0.148805007339
340	231	399	304	0.147874414921
0	119	206	179	0.138401165605
250	217	298	271	0.129670366645
0	0	307	173	0.128842517734
150	296	294	319	0.127571001649
74	155	342	191	0.124182030559
273	300	381	319	0.124030381441
238	101	399	175	0.11428694427
268	237	399	286	0.110131546855
21	271	143	313	0.10425761342
68	0	218	118	0.1011826545
268	276	399	289	0.0978792384267
305	293	347	306	0.0940089523792
215	203	275	269	0.0870705544949
0	176	192	204	0.087060444057
255	153	399	215	0.0843628495932
0	143	210	200	0.0803777948022
363	278	399	319	0.0767968446016
0	0	169	122	0.0675244554877
363	278	399	292	0.0585039295256
72	97	222	173	0.0575336106122
79	0	399	128	0.0544779673219
340	297	399	304	0.0537379421294
0	176	192	184	0.0529488511384
247	248	286	273	0.0489688515663
273	237	338	265	0.0485971234739
243	300	294	319	0.0475269332528
224	42	363	127	0.0461113862693
150	296	201	319	0.0447857417166
121	43	218	118	0.0393153466284
273	249	338	269	0.0392058044672
270	300	314	310	0.0388418622315
252	176	284	271	0.0387794077396
174	286	234	297	0.0378143340349
289	256	399	275	0.0376194939017
210	0	379	28	0.0372712910175
275	221	328	255	0.0358604192734
243	217	275	269	0.0351277925074
0	311	247	319	0.0339782200754
270	297	326	307	0.033721588552
60	35	165	121	0.0333604179323
259	155	342	179	0.0323572978377
0	91	178	124	0.0320338457823
165	80	203	115	0.0309484228492
178	59	229	114	0.0305239409208
88	293	151	306	0.0281926691532
160	176	192	184	0.027994543314
263	190	399	255	0.0277662761509
0	225	162	261	0.0247426498681
77	265	134	273	0.0241845287383
178	255	250	269	0.023832757026
376	297	399	319	0.0237347967923
0	0	61	57	0.0232150033116
307	0	353	46	0.0225062631071
278	252	316	266	0.0224423706532
95	244	155	255	0.0211218222976
344	231	388	238	0.0209108293056
248	121	257	167	0.0207113362849
317	18	360	50	0.0206267945468
0	0	74	121	0.020453825593
213	43	254	91	0.0202459022403
225	0	255	159	0.0201871879399
174	151	303	167	0.0186963751912
171	60	195	104	0.0185150783509
0	71	123	108	0.0185119770467
252	245	275	269	0.0183394681662
213	145	259	211	0.0176953151822
264	179	284	191	0.0169704295695
310	293	328	300	0.0167675018311
188	81	203	115	0.0160953626037
56	111	203	127	0.0158449038863
0	0	33	46	0.015647938475
93	118	203	127	0.0153540801257
254	149	308	177	0.0152947464958
79	0	388	52	0.0151897631586
0	115	118	125	0.0142559325323
263	0	372	57	0.0142162377015
51	293	143	313	0.0131408544257
148	60	188	94	0.0129547277465
0	143	97	179	0.012944072485
74	165	135	173	0.0128882722929
146	60	203	118	0.0124873546883
74	143	210	183	0.0119764422998
308	42	358	62	0.0109584880993
308	18	340	52	0.0108069423586
231	70	353	103	0.0106483101845
224	66	257	91	0.0106024499983
160	0	194	40	0.0104519492015
208	0	254	91	0.0102835046127
252	70	330	80	0.010176175274
208	0	241	56	0.010088365525
81	0	255	43	0.0100674601272
241	43	331	69	0.00994559098035
319	194	399	206	0.00939138047397
109	300	143	313	0.00929963495582
233	0	241	77	0.00907497294247
340	12	376	45	0.00889663863927
231	302	247	310	0.00865456834435
280	217	303	230	0.0086098657921
21	262	91	285	0.00845546182245
215	36	227	83	0.00838629435748
116	225	162	232	0.00836725626141
217	311	247	319	0.00835873745382
158	33	215	57	0.00833226554096
324	0	379	28	0.00832483172417
203	80	234	128	0.00756819359958
254	255	271	266	0.00739392265677
356	132	399	146	0.0064620450139
0	76	307	121	0.00642926245928
263	79	347	117	0.006332536228
0	117	215	149	0.00632089655846
233	0	255	77	0.00615146942437
169	0	220	35	0.00609432067722
141	21	167	33	0.00592952407897
190	115	323	166	0.00562621932477
319	81	353	88	0.00555187091231
153	60	165	70	0.00530818011612
0	36	21	56	0.00506038125604
340	0	386	14	0.00497197173536
233	115	250	146	0.00453730300069
0	97	15	121	0.00448723416775
217	0	234	50	0.00445816945285
120	248	153	255	0.00445155892521
151	95	190	118	0.00443594902754
165	80	188	97	0.00434094574302
344	0	368	8	0.00431788899004
259	155	303	167	0.00428860541433
263	190	303	231	0.00403501093388
361	0	388	21	0.00378075242043
356	0	399	69	0.00361732766032
225	117	245	163	0.00349692627788
261	138	399	156	0.00342219416052
72	153	135	173	0.0033200988546
0	0	17	33	0.00321736373007
324	97	347	114	0.00318150641397
213	145	238	191	0.00311731453985
263	49	314	57	0.00299591850489
135	111	165	118	0.00262095872313
183	299	201	309	0.00234736222774
248	70	353	88	0.00216216873378
370	0	399	39	0.00214903336018
203	52	229	87	0.00178614910692
238	101	321	135	0.00163563340902
248	62	333	81	0.00158062949777
300	93	328	117	0.00152263697237
58	114	70	122	0.00130661483854
368	0	386	9	0.00129176862538
60	90	72	108	0.0012707291171
264	45	301	55	0.00117288716137
148	0	167	25	0.00116763263941
109	77	123	108	0.00111264269799
0	177	15	184	0.000987604260445
316	42	331	59	0.000708582811058
81	29	120	36	0.000488189980388
243	31	314	63	0.000292920507491
210	0	222	15	0.000175707042217
174	151	210	167	0.000134223140776
10	0	56	36	0.0
54	0	74	15	0.0
72	0	84	55	0.0
79	0	114	29	0.0
81	0	158	32	0.0
109	0	143	16	0.0
233	0	243	16	0.0
245	0	257	9	0.0
234	0	319	64	0.0
171	2	190	21	0.0
63	16	82	90	0.0
183	16	225	45	0.0
167	22	178	38	0.0
81	26	158	40	0.0
70	39	114	110	0.0
331	42	383	100	0.0
123	43	171	71	0.0
105	45	141	107	0.0
308	47	365	88	0.0
153	49	217	84	0.0
354	49	399	101	0.0
116	56	155	117	0.0
123	60	137	95	0.0
153	60	174	74	0.0
58	62	67	108	0.0
376	66	399	100	0.0
0	71	15	94	0.0
248	71	291	81	0.0
273	73	328	110	0.0
293	77	307	104	0.0
275	79	293	98	0.0
337	79	377	111	0.0
363	79	399	112	0.0
236	80	273	115	0.0
319	83	353	97	0.0
146	88	176	104	0.0
231	90	255	103	0.0
204	93	238	145	0.0
257	97	317	115	0.0
344	97	399	114	0.0
0	98	51	122	0.0
93	105	134	119	0.0
56	111	98	124	0.0
204	125	217	166	0.0
211	132	233	158	0.0
240	136	255	196	0.0
234	176	259	211	0.0
213	186	241	230	0.0
263	190	277	231	0.0
215	203	263	244	0.0
254	217	273	245	0.0
243	227	264	262	0.0
0	242	26	261	0.0
40	259	77	273	0.0
180	261	195	269	0.0
21	271	68	285	0.0
150	310	165	319	0.0
0	311	51	319	0.0
116	225	162	255	0.0
54	0	74	108	0.0
293	42	331	104	0.0
210	0	243	16	0.0
171	0	257	21	0.0
72	0	120	55	0.0
203	52	298	105	0.0
225	117	255	196	0.0
167	22	227	83	0.0
204	125	233	166	0.0
171	0	257	50	0.0
123	33	215	71	0.0
81	26	158	95	0.0
340	0	399	112	0.0
308	42	399	114	0.0
8	0	19	11	0.0
86	0	123	18	0.0
21	9	40	22	0.0
109	36	169	57	0.0
273	38	314	52	0.0
112	46	132	90	0.0
125	52	171	94	0.0
245	52	326	76	0.0
118	59	127	86	0.0
247	70	298	90	0.0
307	77	349	88	0.0
301	80	347	111	0.0
61	90	134	121	0.0
84	91	102	104	0.0
181	97	220	167	0.0
215	101	225	142	0.0
227	105	247	125	0.0
211	159	247	230	0.0
215	170	231	200	0.0
217	203	225	220	0.0
8	0	40	22	0.0
298	77	399	114	0.0
58	59	127	122	0.0
215	101	247	142	0.0
263	0	399	112	0.0
234	0	255	14	0.0
51	91	100	124	0.0
135	94	178	118	0.0
243	115	323	143	0.0
190	117	211	166	0.0
211	132	243	167	0.0
203	91	250	167	0.0
0	50	171	95	0.0
107	35	165	108	0.0
26	84	42	105	0.0
203	97	222	128	0.0
120	103	164	118	0.0
0	71	42	105	0.0
120	97	222	128	0.0
75	0	181	70	0.0
