0	0	399	319	0.967259645462
82	87	399	269	0.962921857834
148	194	321	319	0.915264725685
132	0	314	248	0.888450086117
0	186	399	319	0.875348508358
197	87	291	259	0.779041290283
218	199	399	306	0.603711009026
204	186	358	269	0.560259342194
148	194	321	252	0.550285816193
0	45	217	306	0.454395920038
0	272	399	319	0.441996335983
218	199	319	261	0.432671785355
187	228	323	271	0.41018524766
240	248	399	306	0.3924523592
143	241	294	303	0.317937046289
165	283	399	319	0.308778434992
14	62	399	129	0.248041763902
222	248	399	273	0.198849990964
40	248	399	273	0.190857946873
210	138	266	238	0.1888307482
222	0	399	273	0.187011048198
165	283	296	306	0.182616427541
38	190	227	273	0.158398985863
203	186	261	251	0.147097200155
240	252	307	306	0.146582722664
201	197	233	319	0.144163370132
132	71	270	211	0.141615435481
206	300	370	314	0.139303684235
0	232	195	306	0.1387155056
261	158	399	269	0.122916482389
236	296	388	309	0.122358635068
204	112	238	248	0.115628540516
14	0	372	104	0.105196043849
178	190	227	269	0.101858064532
24	73	342	108	0.0965986475348
211	112	238	162	0.0956412181258
323	272	399	304	0.0919641256332
107	45	271	115	0.0875691324472
319	248	399	289	0.0851166471839
0	290	206	319	0.0822290033102
190	71	248	160	0.081755168736
270	230	321	271	0.0805386379361
84	153	399	182	0.0767680853605
238	292	296	306	0.0746885240078
15	87	312	121	0.0653814673424
213	87	250	148	0.0650575608015
143	241	208	303	0.0586585775018
0	239	222	273	0.0550326853991
218	199	291	241	0.0540445446968
293	91	374	262	0.0532335601747
222	249	294	273	0.0531190857291
0	0	225	186	0.0512662231922
0	138	211	206	0.0508883371949
317	300	370	309	0.0488682314754
210	186	231	238	0.0472871661186
141	88	399	124	0.0472851209342
188	111	247	184	0.0462367534637
123	105	399	158	0.046075925231
24	73	342	90	0.0458607003093
0	110	217	180	0.0449925884604
206	303	301	314	0.0426903963089
215	148	264	204	0.0426382757723
254	252	307	266	0.041780360043
248	117	399	189	0.0413205474615
259	12	374	114	0.0405979007483
123	107	233	158	0.0405557081103
271	194	321	247	0.0402857474983
104	12	225	156	0.0381430275738
95	296	206	319	0.0376354008913
204	170	225	248	0.0375800468028
33	108	245	129	0.0373021699488
107	290	197	307	0.0341076999903
197	121	266	204	0.0318785905838
278	0	310	265	0.0313716046512
323	275	399	283	0.030593989417
0	0	58	36	0.0297038611025
14	38	176	107	0.028791680932
0	173	206	199	0.0278474986553
0	0	125	105	0.0268414542079
132	118	245	189	0.0266473963857
210	112	218	156	0.0266462676227
319	248	399	265	0.0258773677051
215	119	266	170	0.0252372901887
188	52	225	117	0.0245626512915
286	38	399	114	0.0240209121257
14	62	342	76	0.0223903972656
0	0	70	62	0.0222793649882
270	255	294	263	0.021634651348
218	87	238	118	0.0210929084569
40	0	95	55	0.0208250898868
286	0	372	55	0.0205042418092
201	90	220	131	0.0203771982342
190	83	240	129	0.0186880528927
289	227	310	265	0.0184469912201
0	232	60	292	0.0183666776866
160	22	227	117	0.0182155482471
31	299	135	319	0.0173040349036
215	42	301	127	0.0172943491489
44	9	74	52	0.0172172542661
268	306	301	313	0.0155037548393
257	200	294	245	0.014808844775
174	0	317	115	0.0142236594111
218	146	254	184	0.0141295557842
0	45	97	104	0.0138589665294
84	165	178	182	0.0137349162251
14	32	42	66	0.0137330777943
12	0	44	64	0.0133248381317
143	295	201	303	0.0131084285676
0	176	70	186	0.0129337552935
286	42	388	76	0.0127287078649
187	239	227	271	0.0125426966697
54	29	139	55	0.012143176049
203	90	222	105	0.0118080824614
224	114	238	143	0.0116968974471
294	46	353	60	0.0114695727825
316	73	399	112	0.0109545513988
82	172	132	182	0.0107457321137
243	73	399	121	0.010743951425
84	146	206	175	0.0106934392825
225	112	238	131	0.0105148237199
213	112	231	145	0.0104709677398
294	227	314	239	0.0104614831507
210	131	233	159	0.0102338660508
317	42	386	64	0.00990220159292
286	0	308	55	0.00983979552984
257	87	399	167	0.00974608026445
61	0	127	55	0.00941495783627
127	39	208	105	0.00933626107872
211	143	234	162	0.0091159902513
273	77	374	114	0.00908140465617
0	0	40	16	0.00895313359797
233	186	266	204	0.00845032185316
222	108	245	129	0.00844057649374
0	293	81	306	0.00836018845439
54	29	75	55	0.00816616415977
233	152	261	183	0.0079360678792
0	93	116	186	0.00789130479097
188	101	220	117	0.00784255191684
14	69	37	93	0.00766202248633
164	299	195	306	0.00757314823568
347	38	399	84	0.00741432607174
197	0	273	98	0.00740654021502
75	138	206	159	0.00710747204721
84	146	399	204	0.00682205148041
358	14	377	49	0.00678489170969
33	111	206	121	0.00662349537015
0	146	107	186	0.0064632166177
0	21	35	93	0.00645269267261
206	303	224	314	0.00630232878029
268	153	399	183	0.0060917828232
330	76	361	103	0.00600099004805
24	73	33	90	0.00598490796983
14	69	93	105	0.00586865656078
264	35	312	112	0.00586231797934
289	26	305	60	0.00584228336811
199	71	227	98	0.00573423691094
77	0	125	16	0.00560609064996
148	213	204	252	0.00552064180374
217	176	264	203	0.00543154031038
358	0	399	35	0.00542942248285
14	62	72	69	0.00539014302194
178	53	204	91	0.00527006387711
33	114	111	121	0.00505498796701
317	0	399	64	0.00501563213766
268	163	372	177	0.00501109752804
236	0	275	31	0.0048839263618
19	70	67	91	0.00476603582501
286	0	296	55	0.00468825921416
65	0	141	100	0.00462179258466
0	45	35	122	0.00453944504261
0	67	141	124	0.00430238246918
289	59	381	74	0.00419262424111
201	197	211	245	0.00413384661078
164	40	199	104	0.00399635359645
365	8	391	35	0.0038565248251
70	299	105	310	0.00385192409158
358	14	384	114	0.00371583178639
45	296	81	306	0.00369973666966
361	15	399	55	0.00348333828151
199	52	238	108	0.00341406464577
143	138	206	151	0.00330964103341
0	45	21	104	0.0032149553299
259	153	296	167	0.00308003090322
303	67	370	88	0.00307795964181
215	163	250	186	0.0029709674418
35	110	141	124	0.00293868593872
257	213	289	234	0.00288188643754
88	9	109	56	0.0028717033565
104	15	127	56	0.00283679738641
203	310	233	319	0.00282231532037
278	16	296	56	0.00279931910336
197	239	220	265	0.00261778384447
0	67	74	121	0.00259091518819
282	18	291	73	0.00254837609828
326	91	361	108	0.00235656276345
218	45	271	73	0.00233280658722
0	0	17	16	0.00230780430138
178	241	211	265	0.00212253257632
0	40	15	60	0.00201720558107
273	0	301	25	0.00200893543661
243	11	268	33	0.0019545070827
317	45	368	55	0.00192013569176
0	45	75	273	0.00187690649182
169	46	185	60	0.00169835239649
199	52	225	74	0.00167292356491
0	293	33	302	0.00163764506578
143	111	206	118	0.00162921845913
75	148	116	159	0.00160150229931
303	91	374	112	0.00151863507926
241	117	250	148	0.00147716887295
259	143	399	153	0.00145456474274
243	79	271	121	0.0013387016952
19	86	130	119	0.00133812613785
0	259	40	292	0.00133183039725
222	60	254	87	0.00130546465516
287	0	310	9	0.00125448592007
134	23	218	38	0.00124799087644
225	0	243	15	0.00119675882161
0	110	35	122	0.00119669735432
0	261	74	273	0.000848683528602
257	142	399	167	0.00084544159472
0	299	44	319	0.000843493267894
162	26	217	43	0.000789742916822
162	74	176	107	0.000761806964874
178	66	194	91	0.000747671350837
15	232	60	251	0.000699404627085
148	238	201	252	0.000699313357472
238	138	266	160	0.000623065978289
248	117	399	152	0.000550903379917
280	21	289	42	0.000487262383103
263	0	277	8	0.000321736559272
0	111	116	122	0.00026779808104
93	146	107	167	0.000208353623748
361	73	399	104	0.000202070921659
132	0	399	64	0.000173771753907
254	73	271	104	0.000136952847242
259	12	273	33	0.000123456120491
377	87	399	107	0.000118046998978
130	0	151	26	0.000107645988464
0	93	21	104	9.04444605112e-05
112	0	141	100	0.0
132	0	174	21	0.0
132	0	204	28	0.0
203	0	248	50	0.0
229	9	278	100	0.0
167	22	210	29	0.0
132	23	181	46	0.0
139	38	164	100	0.0
160	38	210	80	0.0
125	43	139	52	0.0
174	52	183	83	0.0
107	55	120	104	0.0
42	71	74	91	0.0
305	74	340	88	0.0
330	76	342	90	0.0
112	77	164	110	0.0
81	81	97	104	0.0
109	86	139	108	0.0
141	86	155	100	0.0
363	94	372	111	0.0
372	94	384	114	0.0
17	95	68	118	0.0
287	100	300	112	0.0
379	101	399	112	0.0
143	103	188	115	0.0
112	107	151	119	0.0
173	177	211	206	0.0
171	213	204	230	0.0
0	259	40	266	0.0
40	261	75	273	0.0
0	285	33	292	0.0
107	55	155	104	0.0
169	0	243	60	0.0
81	81	188	115	0.0
236	0	301	40	0.0
160	39	210	56	0.0
183	40	225	64	0.0
195	42	218	50	0.0
301	67	331	84	0.0
305	69	342	76	0.0
328	74	349	94	0.0
112	86	206	124	0.0
112	111	130	121	0.0
0	97	116	122	0.0
107	0	165	119	0.0
0	93	37	121	0.0
123	107	187	117	0.0
280	153	399	165	0.0
284	88	312	98	0.0
233	117	270	213	0.0
