143	70	399	272	0.889536440372
0	0	399	319	0.889241337776
157	159	328	276	0.852297544479
0	76	301	225	0.844036638737
0	186	399	319	0.825278699398
88	66	250	217	0.736831307411
178	76	259	225	0.617307007313
197	143	275	266	0.617250978947
143	193	399	262	0.577824175358
157	199	266	276	0.522694349289
169	186	247	319	0.477103829384
143	221	303	254	0.470854014158
37	228	243	300	0.437201172113
213	200	275	255	0.352396905422
210	230	337	272	0.327221035957
245	112	399	265	0.307304739952
248	159	328	266	0.304254174232
0	262	390	319	0.24393376708
164	122	275	200	0.242216303945
88	0	399	112	0.225950166583
210	100	275	220	0.221259489655
0	191	203	269	0.202459767461
112	117	303	190	0.186127722263
183	249	399	319	0.179719120264
201	115	248	208	0.150319695473
0	0	208	199	0.148790091276
146	287	372	319	0.143215969205
176	70	275	131	0.132959991693
0	271	194	319	0.130506157875
227	230	277	269	0.126392617822
215	160	259	220	0.112943276763
0	196	109	311	0.11266836524
259	223	319	266	0.109411083162
158	0	296	118	0.103125073016
128	105	211	184	0.0965274274349
252	175	399	252	0.0946312919259
0	119	194	191	0.0946253985167
243	122	275	200	0.0856203436852
181	76	229	127	0.0845138430595
201	25	287	117	0.075382322073
88	63	218	115	0.07460834831
210	110	301	180	0.0691917315125
0	104	201	163	0.0658935680985
157	271	194	278	0.0656426846981
245	221	275	254	0.0649721771479
233	255	399	296	0.0646386966109
181	107	284	139	0.0626833438873
310	283	399	319	0.0601856708527
164	138	211	184	0.0597999542952
105	0	187	59	0.0589829497039
248	201	284	224	0.0540896356106
248	117	303	190	0.053234923631
199	84	229	131	0.0520562268794
338	0	399	110	0.0510457791388
0	0	187	66	0.0460796914995
280	153	319	175	0.0450416319072
21	8	210	118	0.04413985461
0	258	61	311	0.0441317260265
264	242	337	266	0.0435019247234
95	149	167	170	0.0429963395
255	145	319	203	0.0427027791739
0	0	61	118	0.0405736863613
270	136	363	159	0.0366909429431
199	0	314	66	0.0336810946465
0	169	208	200	0.0332894101739
271	47	323	66	0.0319982841611
199	84	218	115	0.0312769114971
280	167	319	175	0.031111292541
118	153	135	167	0.0286819674075
247	46	319	81	0.0280358605087
54	230	88	247	0.0277659520507
321	60	344	94	0.0274020135403
169	311	222	319	0.0260686166584
245	127	363	184	0.0256339907646
247	39	314	66	0.0246984735131
90	118	206	166	0.0243313070387
183	292	268	319	0.0242567360401
238	259	338	271	0.0237164795399
326	249	365	262	0.0232387371361
40	43	141	95	0.0230473838747
128	167	208	179	0.0229431055486
0	0	49	36	0.0226068459451
0	153	93	182	0.0219494588673
255	112	399	175	0.0219369418919
167	138	206	163	0.0217719655484
210	239	241	272	0.0214741900563
112	149	148	166	0.0209259744734
294	153	305	166	0.0203708149493
199	84	211	107	0.020021352917
93	66	160	95	0.0197387188673
326	232	399	262	0.0196863636374
187	70	218	104	0.018786681816
0	87	61	118	0.0182314291596
240	244	277	266	0.0182181373239
275	223	303	234	0.0180386565626
338	0	363	79	0.0168560780585
112	149	208	179	0.0157365184277
178	76	210	117	0.0153837874532
305	218	399	238	0.015331376344
294	249	365	265	0.0153113119304
275	141	399	179	0.0147620532662
307	79	390	111	0.014619871974
125	0	231	100	0.0142392367125
293	36	340	47	0.0139723308384
40	262	75	276	0.0138867646456
93	29	139	64	0.0136817507446
278	225	399	255	0.0136530548334
68	196	109	207	0.0135698914528
201	0	395	47	0.0135301426053
236	160	250	210	0.0127416644245
317	262	390	269	0.01268844679
204	186	247	234	0.0126033090055
358	0	399	76	0.0122509226203
0	230	88	261	0.0121534392238
238	159	259	225	0.0119926892221
155	152	167	170	0.0119341406971
264	46	390	111	0.0116553753614
363	64	399	110	0.0106682367623
95	149	109	167	0.0102779343724
321	60	344	77	0.00984982773662
204	91	218	103	0.00973360612988
0	5	22	35	0.00967424362898
263	239	271	254	0.00933649390936
227	177	257	220	0.00730041600764
0	22	22	114	0.00675763189793
238	249	399	271	0.00640708208084
135	0	187	35	0.00616224855185
243	115	284	139	0.00589806959033
88	66	130	90	0.00581686198711
158	0	204	35	0.00566636770964
356	80	390	97	0.00561015307903
330	77	344	94	0.00548535585403
231	35	346	112	0.00536742061377
248	159	257	206	0.00511155277491
210	23	291	36	0.00433335453272
365	232	399	239	0.00422105565667
208	97	229	141	0.00383089669049
294	0	351	35	0.00347249396145
335	0	384	33	0.00343545526266
0	0	35	7	0.00320224836469
143	235	164	247	0.00313532166183
204	29	233	81	0.00288252718747
169	193	227	238	0.00250091589987
289	0	308	15	0.00191016122699
14	7	44	35	0.00189578533173
0	66	190	118	0.00174207240343
176	0	231	83	0.00146108865738
337	33	365	108	0.0011280477047
211	206	247	234	0.000981464982033
384	35	399	49	0.000810068100691
358	0	395	9	0.000445477664471
204	101	218	115	0.000421416014433
271	36	340	66	0.000399690121412
158	0	187	25	0.0
204	0	217	15	0.0
217	0	273	15	0.0
134	26	150	50	0.0
303	35	346	88	0.0
30	57	51	81	0.0
0	71	10	90	0.0
26	74	35	112	0.0
282	80	340	110	0.0
0	87	26	118	0.0
0	88	10	104	0.0
19	88	33	114	0.0
259	88	305	111	0.0
88	95	118	108	0.0
176	105	201	115	0.0
234	105	275	114	0.0
181	107	208	138	0.0
213	110	247	158	0.0
255	112	399	139	0.0
231	131	241	160	0.0
204	186	215	221	0.0
215	193	245	207	0.0
0	244	33	261	0.0
0	303	130	319	0.0
19	74	38	115	0.0
259	60	344	111	0.0
0	71	118	108	0.0
176	105	275	115	0.0
0	36	118	112	0.0
217	0	395	15	0.0
204	0	291	36	0.0
294	0	399	76	0.0
379	0	399	39	0.0
234	38	280	83	0.0
128	66	143	87	0.0
112	67	130	86	0.0
97	69	111	86	0.0
93	90	157	104	0.0
227	111	247	136	0.0
236	111	250	156	0.0
215	196	247	217	0.0
291	255	328	262	0.0
227	292	268	302	0.0
227	111	250	167	0.0
0	88	206	136	0.0
312	18	376	110	0.0
199	25	241	52	0.0
233	100	275	110	0.0
160	105	204	124	0.0
227	100	275	165	0.0
0	310	42	319	0.0
