0	94	399	319	0.96735560894
197	118	379	287	0.959199011326
208	94	296	259	0.938738524914
151	77	399	249	0.93794554472
0	239	399	319	0.845101416111
178	199	372	265	0.825492858887
222	211	379	287	0.782859146595
30	217	397	273	0.622983396053
234	247	399	303	0.617552518845
0	104	399	204	0.596472799778
225	111	271	255	0.562281966209
84	239	344	271	0.471341580153
231	199	291	259	0.456104546785
227	149	314	255	0.451458066702
167	272	331	319	0.442036807537
151	77	273	217	0.42564612627
0	165	238	307	0.393018752337
187	228	399	256	0.336856901646
247	211	338	256	0.320457726717
217	256	319	295	0.313897788525
0	97	247	272	0.307195067406
169	293	399	319	0.256722688675
264	165	399	259	0.23955231905
0	0	399	184	0.197319224477
0	295	303	319	0.186515167356
176	272	331	289	0.162487611175
176	117	365	196	0.138167113066
275	211	317	259	0.119397498667
264	167	317	259	0.11360411346
167	299	293	319	0.111045300961
225	111	266	184	0.102404497564
270	224	376	265	0.101170368493
224	132	271	204	0.101010337472
0	107	225	184	0.0996537134051
248	217	278	259	0.0887064486742
74	0	351	52	0.0850940719247
81	114	399	170	0.0817486047745
236	201	271	242	0.0776374042034
250	200	351	238	0.0724715664983
277	256	374	273	0.0686450973153
282	299	399	319	0.0652232244611
10	45	160	121	0.0649843364954
0	0	128	118	0.063449434936
277	245	344	265	0.0620303228498
227	159	252	255	0.0619517676532
30	217	397	235	0.0520346239209
314	292	399	314	0.0513826310635
245	111	399	204	0.0512692369521
88	0	208	121	0.0496864318848
84	251	240	273	0.0494361706078
275	211	301	249	0.0490479655564
0	0	75	273	0.0461743585765
250	0	399	115	0.0454611666501
8	295	158	319	0.0422897152603
0	167	75	307	0.0421185232699
278	247	316	261	0.0414375811815
250	0	347	74	0.0410600528121
263	256	319	278	0.0409671850502
84	256	158	271	0.0405325889587
171	297	238	311	0.040216371417
270	241	319	258	0.0394135676324
178	221	250	258	0.0393806546926
222	104	259	155	0.0388813614845
176	95	234	217	0.0373742803931
169	307	233	319	0.0372283533216
118	38	298	118	0.0370148196816
287	211	338	245	0.0342077054083
38	110	74	272	0.0326930433512
203	95	264	177	0.0321866832674
351	293	399	309	0.0314326807857
217	286	266	295	0.0311951898038
0	26	72	119	0.0308423638344
301	234	399	254	0.0277752168477
328	0	399	110	0.0267206467688
303	247	381	273	0.0266961976886
118	45	234	104	0.0250679962337
150	0	349	118	0.0247939117253
30	42	128	90	0.0246555805206
301	234	347	251	0.024588406086
74	0	255	29	0.0242405161262
15	56	93	118	0.022240113467
316	8	347	114	0.0221229679883
203	107	225	135	0.0216197967529
0	107	225	135	0.0208549574018
203	107	225	121	0.0200390294194
125	259	158	269	0.0198177602142
264	142	307	206	0.0194978415966
210	119	225	135	0.0193985551596
208	94	224	118	0.0187327750027
333	52	347	110	0.0187047347426
0	0	213	64	0.0183446705341
118	0	351	15	0.0166015625
275	217	291	248	0.0163718014956
243	239	271	259	0.0158766433597
81	119	225	170	0.0145994005725
234	84	257	100	0.0141322081909
0	0	102	57	0.0139394439757
284	214	296	248	0.0138946278021
72	0	128	64	0.0137520479038
192	119	227	196	0.0136195151135
141	0	229	70	0.0135796135291
286	166	365	176	0.0134055614471
263	114	399	165	0.0130151463673
178	79	254	114	0.0129188774154
203	43	266	69	0.0128522152081
213	47	234	62	0.0127255599946
250	0	354	19	0.012567486614
169	0	284	57	0.0124209336936
333	0	354	110	0.0123283239082
236	112	278	167	0.0122513249516
248	217	271	234	0.0122503461316
114	0	167	117	0.0122341616079
316	256	376	265	0.0119878388941
363	239	399	254	0.0119394445792
0	0	238	136	0.0117549654096
0	0	37	108	0.0116808796301
0	110	37	183	0.0112676341087
150	49	236	70	0.011244436726
0	177	37	201	0.0110663380474
203	95	224	177	0.0110114505515
280	306	303	316	0.0107636693865
234	107	261	125	0.0100500127301
254	238	270	255	0.0100242318586
204	15	257	56	0.00997719075531
14	36	86	63	0.00967408996075
217	0	255	50	0.00957294646651
118	0	160	40	0.00954945292324
374	217	397	224	0.00909308064729
165	71	233	79	0.00869589485228
0	0	72	33	0.00861682835966
248	74	282	111	0.00844812393188
0	167	37	191	0.00836104154587
65	47	123	80	0.00834698043764
173	77	210	100	0.00827553588897
0	177	37	251	0.00782648101449
333	0	354	16	0.00769581925124
233	197	252	214	0.00769529491663
233	83	261	118	0.00761376554146
330	53	381	112	0.00650873221457
30	227	60	235	0.00629762466997
72	57	107	100	0.00621069408953
335	0	347	12	0.00595818459988
72	0	105	45	0.00565085466951
14	42	86	80	0.00542846973985
84	256	120	271	0.00530738011003
14	42	74	55	0.00518851168454
248	0	275	8	0.00512729585171
263	98	399	115	0.00511085800827
211	35	243	70	0.00496283080429
109	55	127	90	0.0049615604803
324	79	399	114	0.00493065826595
0	141	195	184	0.00491378782317
164	55	316	100	0.00487565342337
88	71	199	119	0.00455766404048
323	0	333	110	0.00440508220345
227	15	257	49	0.00430510006845
0	73	35	119	0.0042291674763
243	16	266	46	0.00402950868011
233	182	271	201	0.00402721017599
254	53	280	98	0.00400045141578
10	46	35	110	0.00395497027785
204	0	236	43	0.00387787539512
38	110	72	119	0.00373686663806
0	26	70	40	0.00367570947856
316	0	331	114	0.00365625694394
252	117	296	155	0.00358047243208
236	0	291	22	0.00327693391591
139	0	160	79	0.00298795197159
14	46	26	108	0.00290223676711
63	62	123	117	0.00285717565566
164	63	238	70	0.00281300395727
201	43	243	63	0.00277359317988
236	0	255	29	0.00275638140738
213	0	229	38	0.0026892516762
74	0	98	29	0.00265450961888
17	46	37	69	0.00263983756304
233	73	399	114	0.00263137277216
116	16	132	57	0.00260330550373
15	56	56	112	0.00252586137503
169	50	233	63	0.00244268681854
38	90	72	112	0.00235979352146
0	167	30	176	0.00232866406441
38	95	201	124	0.00222520716488
257	156	273	203	0.00189137738198
169	50	208	57	0.00184858869761
165	71	284	125	0.00183321349323
139	56	160	88	0.00179196987301
19	0	56	23	0.00173573382199
151	93	225	121	0.0016508102417
263	0	323	111	0.00161204300821
0	26	24	39	0.00154204294086
183	79	201	97	0.00138209108263
17	66	26	91	0.00137817766517
82	145	210	180	0.00135771743953
0	0	28	22	0.00120237283409
52	0	61	22	0.001146633178
275	0	293	11	0.00112581066787
0	114	98	122	0.00102668441832
31	56	56	93	0.000976831652224
0	110	35	119	0.000946025364101
0	36	12	69	0.000871226191521
47	46	72	55	0.000836179591715
0	71	12	110	0.000722235068679
28	46	72	95	0.000715185888112
28	57	42	95	0.000610807910562
118	0	130	11	0.000543124042451
42	52	75	74	0.000503226183355
178	18	215	42	0.000376209616661
164	55	316	74	0.000337598845363
118	0	146	11	0.000336866825819
379	0	399	104	0.000205845572054
84	57	107	79	0.000126996077597
49	0	75	33	0.0
82	0	112	12	0.0
164	0	176	21	0.0
194	0	225	19	0.0
215	0	234	21	0.0
135	15	148	79	0.0
169	22	213	64	0.0
141	45	201	86	0.0
218	45	271	91	0.0
153	47	208	64	0.0
305	55	316	74	0.0
157	71	187	88	0.0
201	76	238	125	0.0
72	77	95	100	0.0
160	80	199	117	0.0
88	86	127	119	0.0
137	93	160	117	0.0
180	97	201	108	0.0
275	97	312	114	0.0
141	103	153	117	0.0
252	105	284	114	0.0
98	111	150	121	0.0
264	118	319	155	0.0
0	119	206	151	0.0
257	129	280	153	0.0
225	132	247	184	0.0
238	136	266	160	0.0
259	136	278	167	0.0
248	152	266	176	0.0
176	179	194	190	0.0
0	224	37	251	0.0
24	258	75	269	0.0
40	262	75	273	0.0
0	299	49	307	0.0
0	307	54	319	0.0
178	0	225	42	0.0
176	166	365	190	0.0
254	53	312	114	0.0
141	0	176	117	0.0
98	15	150	121	0.0
137	71	187	117	0.0
201	43	261	118	0.0
137	0	146	11	0.0
245	0	277	14	0.0
266	0	293	15	0.0
307	0	323	74	0.0
384	12	399	80	0.0
0	15	58	25	0.0
118	45	128	104	0.0
231	46	298	114	0.0
155	70	238	136	0.0
273	77	323	114	0.0
109	81	125	117	0.0
178	94	199	114	0.0
351	101	399	111	0.0
236	114	259	152	0.0
264	118	298	145	0.0
222	135	247	160	0.0
139	49	210	118	0.0
148	119	225	155	0.0
388	43	399	77	0.0
208	0	291	118	0.0
