0	53	399	306	0.955261707306
151	97	399	255	0.952711760998
176	0	399	316	0.948601424694
0	183	399	319	0.891808927059
176	42	286	263	0.881706416607
201	134	294	265	0.814328432083
109	228	399	319	0.570136368275
40	231	296	275	0.513967216015
22	221	255	319	0.488943040371
211	183	294	255	0.483988165855
180	183	399	259	0.448582708836
174	71	337	199	0.425996541977
180	225	399	259	0.389356285334
0	0	399	199	0.310438632965
231	228	399	286	0.291401922703
231	210	296	259	0.242856532335
107	245	399	287	0.236676201224
0	97	399	176	0.235879957676
118	45	326	134	0.217676311731
98	0	399	118	0.17747181654
185	256	354	287	0.177127346396
0	268	399	319	0.172921106219
252	115	399	283	0.153043985367
0	0	280	122	0.143956497312
201	53	399	156	0.120175182819
270	247	399	313	0.119359076023
268	153	326	316	0.117690756917
139	0	259	118	0.113952174783
0	97	399	124	0.100648507476
0	145	234	304	0.0987635552883
199	247	399	265	0.0981026440859
60	279	255	319	0.0978378877044
174	71	275	131	0.0949321389198
0	293	399	319	0.0944107621908
105	249	268	278	0.0940279588103
231	39	284	261	0.0909209102392
238	225	289	256	0.0887989029288
201	296	399	319	0.0874473527074
151	279	222	314	0.087089702487
185	256	324	275	0.0844467431307
0	83	222	194	0.0821308791637
197	299	399	310	0.0811664685607
160	81	261	210	0.0742935314775
227	132	266	199	0.0658825039864
268	0	399	114	0.0654957219958
206	105	264	187	0.0609674006701
201	80	278	118	0.0565699711442
236	272	353	287	0.0558354407549
261	183	303	252	0.0554465577006
264	213	294	255	0.0508568920195
0	0	376	46	0.0497150681913
176	105	227	211	0.0467996373773
317	296	399	319	0.0463434793055
181	107	310	170	0.0441475585103
22	221	197	273	0.0415507033467
151	97	399	118	0.0413516685367
0	35	173	121	0.0388879328966
107	256	197	272	0.0373861342669
97	0	298	53	0.0360935851932
197	300	254	310	0.0321894064546
257	0	376	46	0.0316403098404
183	76	245	117	0.028751090169
328	0	372	110	0.0279168300331
338	0	399	110	0.0276527050883
61	83	222	145	0.0263764634728
0	0	95	119	0.0258914791048
176	127	227	177	0.0251382030547
180	225	243	258	0.0246577560902
287	227	399	259	0.0245652012527
203	91	222	128	0.0234061293304
296	232	360	251	0.023165922612
259	279	328	286	0.0231621749699
0	254	72	311	0.0227051191032
225	76	296	187	0.0222670212388
349	0	368	111	0.0219619888812
358	292	399	313	0.0209438093007
206	112	254	148	0.0207057669759
231	234	271	261	0.0196561291814
238	225	257	254	0.0186926424503
10	0	144	56	0.0183015838265
135	155	164	177	0.0183014255017
201	86	222	156	0.017722632736
199	79	229	135	0.0169332958758
282	0	354	100	0.0169121697545
273	232	289	256	0.0164635311812
268	245	344	259	0.0163504760712
97	151	222	189	0.0162051469088
40	221	77	234	0.0160565450788
181	107	217	170	0.0153570603579
0	146	135	176	0.0151691306382
65	56	173	122	0.0149317216128
173	49	259	71	0.0145279224962
264	166	399	232	0.0143730835989
271	135	399	166	0.0142046613619
344	52	370	110	0.0140820164233
199	247	238	261	0.0137930456549
370	248	399	265	0.0136821195483
162	93	217	131	0.0136617664248
270	230	287	242	0.0134480055422
211	101	222	156	0.0133419018239
98	0	153	55	0.0132771898061
240	0	278	47	0.0129961445928
238	224	255	235	0.0128462444991
257	0	316	46	0.0127954632044
0	155	164	194	0.0124941226095
100	167	178	182	0.0121418274939
363	25	399	108	0.012092971243
254	38	344	112	0.0120871830732
158	0	298	35	0.0120805073529
266	0	379	21	0.0116414055228
351	0	379	33	0.0112448111176
245	42	286	53	0.011085100472
240	21	261	53	0.0108931679279
148	306	174	314	0.0108271259815
116	139	220	172	0.0108127128333
102	0	190	118	0.0102488100529
0	0	93	47	0.0101798167452
112	300	141	310	0.0100900614634
358	53	370	111	0.0100163854659
353	7	399	59	0.00994295906276
21	0	56	110	0.00935120880604
296	244	347	251	0.00930281635374
84	56	125	76	0.00928926095366
0	166	112	194	0.00927687715739
263	190	296	214	0.00920968037099
360	7	399	28	0.00917578302324
84	0	123	56	0.00906738638878
86	46	146	80	0.00898529775441
0	173	60	193	0.00883238017559
171	50	259	108	0.0086746159941
118	43	148	118	0.0085025690496
303	63	399	114	0.00812769774348
231	111	257	146	0.00801719725132
185	0	257	59	0.00787181127816
303	306	326	316	0.00775592774153
374	299	399	309	0.00772621482611
132	40	151	115	0.00746886432171
323	232	360	239	0.00729824230075
257	0	282	46	0.00719597563148
268	0	312	98	0.00716952048242
0	139	220	176	0.00712198205292
0	297	141	313	0.00704784970731
0	28	49	110	0.00692487880588
360	0	379	15	0.00684352405369
201	279	222	286	0.00680714100599
358	0	370	12	0.00664297305048
139	0	187	42	0.00662142038345
17	186	35	193	0.00654105469584
236	112	254	129	0.00642658770084
240	134	252	152	0.00630903057754
289	248	323	259	0.00549977831542
158	0	298	11	0.00547164678574
236	0	252	35	0.00535143725574
90	146	135	160	0.00533667579293
271	167	298	179	0.00506749749184
93	84	118	117	0.00490264967084
338	8	354	64	0.00480992626399
164	40	259	86	0.00467783026397
139	21	204	118	0.00466177612543
248	84	277	95	0.00457949750125
252	128	301	214	0.00457451120019
190	107	217	131	0.00446841865778
49	22	93	38	0.00445728562772
298	245	337	256	0.00444071739912
37	43	95	57	0.00437122024596
201	80	220	118	0.00420435331762
317	227	349	238	0.0041543841362
0	296	72	311	0.00402573682368
5	0	185	31	0.00394552387297
5	35	37	90	0.00391818024218
33	42	97	71	0.00376846827567
245	110	337	149	0.00370893627405
213	97	233	131	0.00353613868356
0	0	35	69	0.00325075350702
97	46	132	56	0.00311800651252
236	21	308	114	0.00309241563082
0	166	58	176	0.00308990292251
22	221	77	252	0.0030564237386
12	22	93	40	0.00303772836924
139	64	160	115	0.00303568132222
370	63	399	111	0.00299682747573
93	151	116	163	0.00289535149932
97	0	118	29	0.00271115638316
245	81	278	90	0.00258509814739
137	42	150	91	0.00242634862661
266	0	314	21	0.00235361047089
245	91	270	111	0.00231263786554
0	304	91	319	0.00222027488053
86	40	151	115	0.00212587788701
22	239	68	252	0.002108220011
271	0	298	8	0.00210668891668
0	114	26	121	0.00203452818096
344	66	354	110	0.00173161923885
7	0	79	28	0.00172663107514
37	52	49	108	0.00167517177761
180	204	201	211	0.00160527601838
379	0	399	11	0.00145225226879
328	0	346	74	0.00142751354724
0	173	60	180	0.00131012871861
139	0	188	95	0.00124377571046
305	119	399	139	0.00124150328338
17	71	33	104	0.00123281031847
21	0	52	16	0.00120711885393
259	97	399	115	0.00117548182607
164	103	178	117	0.000867564231157
0	311	75	319	0.000420009717345
40	52	56	91	0.000419044867158
286	11	337	73	0.00034130550921
268	153	307	160	0.000264776870608
8	87	21	104	0.000253558158875
206	129	217	148	0.000212075188756
187	40	240	59	0.000196252018213
38	62	56	110	0.00018519256264
286	11	305	21	0.000167822465301
178	71	217	81	8.15317034721e-05
204	112	222	131	6.20689243078e-05
252	115	399	190	5.16772270203e-05
81	0	93	23	0.0
102	0	135	15	0.0
150	0	173	25	0.0
162	0	185	15	0.0
164	0	187	42	0.0
211	0	257	42	0.0
298	0	316	12	0.0
139	15	153	40	0.0
164	21	194	90	0.0
167	22	203	62	0.0
33	40	95	108	0.0
236	45	294	88	0.0
17	47	37	83	0.0
63	50	116	100	0.0
51	56	61	94	0.0
51	56	84	112	0.0
328	56	337	73	0.0
255	76	308	114	0.0
236	77	257	108	0.0
160	83	201	115	0.0
61	95	91	118	0.0
86	95	95	111	0.0
303	97	346	112	0.0
151	101	204	118	0.0
254	101	275	118	0.0
180	105	203	117	0.0
0	107	60	119	0.0
225	108	243	152	0.0
65	111	173	122	0.0
277	112	399	131	0.0
0	114	201	149	0.0
255	128	291	145	0.0
252	129	301	170	0.0
220	132	250	191	0.0
240	142	261	169	0.0
63	143	190	156	0.0
114	155	188	170	0.0
264	155	284	190	0.0
248	165	266	194	0.0
247	176	261	191	0.0
224	183	241	215	0.0
211	189	248	230	0.0
234	251	266	263	0.0
44	252	81	271	0.0
40	262	68	275	0.0
263	167	298	214	0.0
63	143	190	170	0.0
81	0	135	23	0.0
0	95	95	121	0.0
0	56	61	119	0.0
240	21	277	111	0.0
81	0	185	25	0.0
225	108	261	169	0.0
0	0	24	31	0.0
158	0	167	11	0.0
233	39	284	70	0.0
194	49	234	63	0.0
33	73	67	112	0.0
229	76	245	111	0.0
183	81	204	117	0.0
233	81	275	115	0.0
0	87	30	105	0.0
162	93	190	118	0.0
61	110	90	118	0.0
224	151	248	203	0.0
264	156	310	190	0.0
44	254	68	263	0.0
0	47	33	105	0.0
250	0	294	73	0.0
254	38	301	98	0.0
0	43	12	104	0.0
296	73	344	112	0.0
151	103	180	118	0.0
22	245	79	266	0.0
298	245	399	265	0.0
157	15	167	79	0.0
0	114	86	124	0.0
250	119	310	149	0.0
157	0	312	79	0.0
