82	77	399	319	0.963024556637
187	88	321	263	0.955229699612
0	182	399	319	0.900016009808
123	234	399	319	0.890464425087
0	254	361	319	0.771847844124
215	261	399	319	0.734284758568
199	177	328	269	0.725775897503
0	101	399	234	0.671909093857
0	47	399	175	0.619189620018
208	228	399	286	0.394150704145
61	115	399	184	0.368908017874
199	230	328	269	0.358483284712
203	132	278	265	0.336870223284
134	115	310	180	0.313606828451
75	0	268	177	0.234993755817
171	0	399	151	0.222716927528
203	289	399	319	0.218837097287
118	256	365	287	0.215534552932
0	141	342	184	0.213164195418
187	110	264	234	0.206471219659
125	293	273	319	0.185458227992
224	183	303	252	0.185361295938
82	275	399	319	0.182857066393
0	0	384	119	0.180361062288
222	203	282	261	0.179440796375
264	115	399	266	0.151497423649
0	105	399	146	0.132993131876
314	247	399	319	0.123960606754
0	121	222	204	0.119756013155
65	53	384	111	0.105417177081
118	247	399	275	0.104477882385
0	0	222	275	0.103665269911
220	122	263	191	0.0973689183593
173	42	296	128	0.0876236259937
203	289	284	311	0.0859684497118
0	97	399	125	0.0859493836761
0	282	192	317	0.0800696536899
0	296	340	319	0.0780139639974
210	276	361	287	0.0764874368906
211	245	358	263	0.0750348269939
171	77	293	151	0.0732252299786
317	296	399	319	0.070422232151
218	182	252	256	0.068930439651
0	0	180	122	0.0627762228251
280	0	399	114	0.0562382675707
0	166	399	175	0.0495915748179
224	148	261	186	0.048878185451
74	110	222	177	0.0488317646086
268	200	321	258	0.0468256250024
248	207	280	254	0.044413164258
180	0	257	129	0.0431612506509
264	165	399	234	0.040407910943
75	64	206	166	0.0385681390762
220	148	264	221	0.0341944545507
224	183	247	235	0.0327294617891
123	282	192	302	0.0325595587492
0	0	95	275	0.0314751639962
14	0	384	35	0.0306057129055
218	234	298	258	0.0291800443083
210	225	252	261	0.0271351411939
0	254	261	283	0.0264878552407
118	256	181	271	0.0257137846202
238	115	310	180	0.0256681870669
222	77	293	115	0.0250789839774
192	71	270	134	0.0243813674897
255	115	399	180	0.0228799860924
14	0	111	108	0.0206656530499
252	289	284	302	0.0196264181286
171	87	218	127	0.0185520295054
314	306	340	319	0.0183620136231
271	224	303	261	0.0178180988878
266	155	342	179	0.0177731029689
338	245	358	259	0.0177693609148
340	0	399	112	0.0174602232873
0	43	111	122	0.0173808336258
199	88	233	232	0.0173703804612
218	232	240	256	0.0168542154133
60	43	160	119	0.0168125219643
199	76	229	110	0.0165634397417
0	176	93	197	0.0160452201962
187	145	222	204	0.0160116516054
203	299	252	311	0.0156880952418
190	71	287	90	0.0156679432839
307	228	399	263	0.0155045529827
0	177	63	207	0.0150755923241
176	47	273	71	0.0149707570672
109	0	328	29	0.0147530250251
187	71	236	95	0.0145150050521
201	88	218	125	0.0144156366587
220	107	241	180	0.0140488054603
125	304	187	314	0.0140287457034
220	134	236	180	0.0139633528888
0	0	72	124	0.0135462041944
340	166	399	175	0.0133873298764
35	52	79	272	0.0126074645668
282	0	399	46	0.0125854695216
247	39	346	125	0.0124091096222
346	255	399	263	0.0123477876186
47	251	93	272	0.0122876502573
273	245	321	262	0.012124594301
17	0	268	70	0.0115407817066
363	0	399	64	0.0115099968389
218	134	227	203	0.011298825033
95	83	137	118	0.0109739946201
68	47	241	59	0.0109212212265
93	145	217	177	0.010788503103
123	254	261	275	0.0107653625309
0	145	185	184	0.0106468144804
0	177	225	234	0.0101776849478
365	16	395	42	0.0096952682361
125	303	178	310	0.00946014374495
259	47	286	76	0.0093903625384
183	132	220	166	0.00929558370262
107	0	162	50	0.00923645216972
100	49	158	80	0.00919102877378
284	223	303	252	0.0090664094314
68	38	296	59	0.00901255290955
160	121	220	170	0.00897457171232
296	132	399	165	0.00890225637704
47	0	162	64	0.00876591261476
250	0	280	52	0.00873103644699
248	42	296	62	0.00865934137255
255	38	296	53	0.00847121141851
173	52	197	88	0.00844317860901
278	228	300	255	0.00819094479084
135	0	197	31	0.00818506162614
218	107	294	234	0.00812180247158
0	293	104	319	0.00776849035174
187	117	217	159	0.00744547508657
234	191	247	230	0.00744147505611
218	107	255	160	0.00741917081177
234	50	273	67	0.00736137013882
14	160	70	170	0.00733553618193
282	230	296	245	0.00725334789604
218	76	236	95	0.00696486700326
173	49	270	103	0.00690862908959
368	52	383	111	0.00677189975977
271	0	294	46	0.00672498997301
222	77	255	119	0.00672223232687
252	127	287	183	0.00664248550311
150	56	160	91	0.00662633124739
245	139	263	193	0.006425506901
98	59	160	118	0.00639815628529
65	59	77	95	0.00639796070755
243	0	263	50	0.0063316328451
93	0	132	56	0.00631655659527
5	22	54	105	0.00627259910107
347	43	381	112	0.00609059538692
38	26	105	40	0.00554874073714
284	0	399	22	0.00552471634001
61	252	95	259	0.00545341987163
63	56	127	104	0.00542737916112
284	0	399	11	0.00526432413608
259	0	328	29	0.00513788033277
367	0	384	14	0.00506204739213
150	0	180	50	0.00503855664283
51	66	68	108	0.00500780716538
0	101	197	146	0.00498110149056
17	0	105	40	0.00497434753925
247	254	273	263	0.00495008379221
245	169	261	193	0.00488527445123
0	146	118	172	0.00481330184266
49	42	107	57	0.0047161411494
377	26	395	42	0.00444790069014
222	71	363	114	0.00432248413563
340	0	367	76	0.00425184331834
0	70	61	112	0.00420587230474
17	26	51	39	0.00418857298791
148	0	174	31	0.00415675435215
282	14	314	46	0.00414556451142
158	22	195	115	0.00412026140839
173	0	326	79	0.00407193927094
31	239	61	249	0.00406534411013
271	0	289	25	0.00384002178907
284	0	307	8	0.0037992419675
370	53	399	111	0.00378280878067
220	151	229	211	0.00376108521596
204	36	277	67	0.00371593981981
58	57	72	88	0.00371452979743
31	199	220	249	0.00367392785847
233	311	268	319	0.00364520400763
254	0	270	19	0.00321369525045
173	80	197	103	0.00296030100435
241	40	252	56	0.00285795051605
173	0	183	79	0.0028550894931
68	50	109	59	0.00279746204615
215	103	229	128	0.00276245549321
240	15	293	57	0.00269887968898
17	35	47	87	0.0026865247637
275	49	324	98	0.00263926293701
204	47	241	56	0.00250478927046
236	107	254	129	0.00249864999205
164	52	203	125	0.00248099584132
204	49	266	63	0.00244394689798
31	42	56	104	0.00234168069437
14	0	49	35	0.00232438743114
132	81	158	118	0.00210488215089
390	0	399	11	0.00200818292797
291	131	360	141	0.00193707086146
176	0	259	63	0.00186573248357
109	0	132	22	0.00182186905295
0	110	72	122	0.00181676354259
0	0	21	110	0.00176605209708
308	0	326	12	0.00166609790176
173	0	197	25	0.001550225541
7	43	21	93	0.00151410792023
278	0	326	15	0.00135831069201
203	104	217	122	0.00114795658737
255	118	323	255	0.00109729450196
47	52	79	112	0.000973523594439
0	167	70	175	0.000857517123222
0	0	10	88	0.000622598454356
187	71	208	90	0.000599947758019
150	16	164	40	0.000589586794376
176	66	201	86	0.000475315377116
173	21	252	77	0.000472808256745
234	50	273	119	0.000456397421658
0	114	86	125	0.000445670448244
233	108	255	146	0.000434977933764
0	87	10	110	0.000417438335717
176	103	190	117	0.000405229628086
77	22	105	33	0.000402322039008
338	0	354	22	0.000235735438764
264	97	399	115	0.000143802724779
263	53	301	83	0.000105775892735
383	73	399	108	9.97390598059e-05
361	80	399	112	7.84890726209e-05
0	114	38	127	6.56144693494e-05
14	0	33	29	5.07002696395e-05
333	247	399	265	4.73400577903e-05
0	0	12	15	0.0
17	0	82	23	0.0
112	0	146	11	0.0
135	0	162	22	0.0
30	42	95	111	0.0
261	43	303	74	0.0
301	71	331	101	0.0
70	90	97	114	0.0
174	93	199	117	0.0
247	93	270	119	0.0
74	95	105	118	0.0
72	101	185	122	0.0
264	103	287	115	0.0
164	105	203	125	0.0
264	115	399	132	0.0
210	118	220	134	0.0
259	118	301	135	0.0
252	121	310	153	0.0
250	127	286	153	0.0
248	139	263	169	0.0
24	143	185	153	0.0
82	151	118	167	0.0
243	162	294	234	0.0
195	199	220	210	0.0
217	200	225	234	0.0
63	227	97	234	0.0
211	248	250	262	0.0
0	262	38	283	0.0
40	262	77	282	0.0
210	279	234	286	0.0
90	285	135	317	0.0
49	43	107	95	0.0
24	0	63	18	0.0
233	77	247	107	0.0
250	81	287	118	0.0
0	87	70	122	0.0
323	97	358	114	0.0
185	100	218	125	0.0
74	110	102	118	0.0
211	121	222	145	0.0
229	127	255	165	0.0
194	138	217	158	0.0
238	180	264	221	0.0
224	184	233	232	0.0
12	262	38	269	0.0
12	252	95	269	0.0
233	42	296	107	0.0
229	77	268	128	0.0
255	0	399	255	0.0
222	77	236	111	0.0
134	155	169	169	0.0
40	262	74	272	0.0
